SET DESCRIPTION FILE
Instrument #0
Box - Id 0
0 
0 0
0.41499999165534973 0.47600001096725464 0.2789999842643738 
0.4480000138282776 0.03799999877810478 0.5 
1 1 1 1 1 1 1 0
0.5 0.5 0.5
Instrument #1
Box - Id 1
0 
0 0
0.41499999165534973 0.4360000193119049 0.2789999842643738 
0.4480000138282776 0.03799999877810478 0.5 
1 1 1 1 1 1 1 0
0.5 0.5 0.5
Instrument #2
Box - Id 2
0 
0 0
0.41499999165534973 0.3959999978542328 0.2789999842643738 
0.4480000138282776 0.03799999877810478 0.5 
1 1 1 1 1 1 1 0
0.5 0.5 0.5
Instrument #3
Box - Id 3
0 
0 0
0.41499999165534973 0.35600000619888306 0.2789999842643738 
0.4480000138282776 0.03799999877810478 0.5 
1 1 1 1 1 1 1 0
0.5 0.5 0.5
Instrument #4
Box - Id 4
0 
0 0
0.41499999165534973 0.3160000145435333 0.2789999842643738 
0.4480000138282776 0.03799999877810478 0.5 
1 1 1 1 1 1 1 0
0.5 0.5 0.5
Instrument #5
Box - Id 5
0 
0 0
0.41499999165534973 0.2760000228881836 0.2789999842643738 
0.4480000138282776 0.03799999877810478 0.5 
1 1 1 1 1 1 1 0
0.5 0.5 0.5
Instrument #6
Box - Id 6
0 
0 0
0.41499999165534973 0.23599998652935028 0.2789999842643738 
0.4480000138282776 0.03799999877810478 0.5 
1 1 1 1 1 1 1 0
0.5 0.5 0.5
Instrument #7
Box - Id 7
0 
0 0
0.41499999165534973 0.19599999487400055 0.2789999842643738 
0.4480000138282776 0.03799999877810478 0.5 
1 1 1 1 1 1 1 0
0.5 0.5 0.5
Instrument #8
Box - Id 8
0 
0 0
0.41499999165534973 0.15600000321865082 0.2789999842643738 
0.4480000138282776 0.03799999877810478 0.5 
1 1 1 1 1 1 1 0
0.5 0.5 0.5
Instrument #9
Box - Id 9
0 
0 0
0.41499999165534973 0.11599999666213989 0.2789999842643738 
0.4480000138282776 0.03799999877810478 0.5 
1 1 1 1 1 1 1 0
0.5 0.5 0.5
Instrument #10
Box - Id 10
0 
0 0
0.41499999165534973 0.07600000500679016 0.2789999842643738 
0.4480000138282776 0.03799999877810478 0.5 
1 1 1 1 1 1 1 0
0.5 0.5 0.5
Instrument #11
Box - Id 11
0 
0 0
0.41499999165534973 0.035999998450279236 0.2789999842643738 
0.4480000138282776 0.03799999877810478 0.5 
1 1 1 1 1 1 1 0
0.5 0.5 0.5
Instrument #12
Box - Id 12
0 
0 0
0.41499999165534973 -0.0040000006556510925 0.2789999842643738 
0.4480000138282776 0.03799999877810478 0.5 
1 1 1 1 1 1 1 0
0.5 0.5 0.5
Instrument #13
Box - Id 13
0 
0 0
0.41499999165534973 -0.04399999976158142 0.2789999842643738 
0.4480000138282776 0.03799999877810478 0.5 
1 1 1 1 1 1 1 0
0.5 0.5 0.5
Instrument #14
Box - Id 14
0 
0 0
0.41499999165534973 -0.08399999886751175 0.2789999842643738 
0.4480000138282776 0.03799999877810478 0.5 
1 1 1 1 1 1 1 0
0.5 0.5 0.5
Instrument #15
Box - Id 15
0 
0 0
0.41499999165534973 -0.12399999797344208 0.2789999842643738 
0.4480000138282776 0.03799999877810478 0.5 
1 1 1 1 1 1 1 0
0.5 0.5 0.5
Instrument #16
Box - Id 16
0 
0 0
0.41499999165534973 -0.164000004529953 0.2789999842643738 
0.4480000138282776 0.03799999877810478 0.5 
1 1 1 1 1 1 1 0
0.5 0.5 0.5
Instrument #17
Box - Id 17
0 
0 0
0.41499999165534973 -0.20400001108646393 0.2789999842643738 
0.4480000138282776 0.03799999877810478 0.5 
1 1 1 1 1 1 1 0
0.5 0.5 0.5
Instrument #18
Box - Id 18
0 
0 0
0.41499999165534973 -0.24400000274181366 0.2789999842643738 
0.4480000138282776 0.03799999877810478 0.5 
1 1 1 1 1 1 1 0
0.5 0.5 0.5
Instrument #19
Box - Id 19
0 
0 0
0.41499999165534973 -0.2839999794960022 0.2789999842643738 
0.4480000138282776 0.03799999877810478 0.5 
1 1 1 1 1 1 1 0
0.5 0.5 0.5
Instrument #20
Box - Id 20
0 
0 0
0.41499999165534973 -0.3240000009536743 0.2789999842643738 
0.4480000138282776 0.03799999877810478 0.5 
1 1 1 1 1 1 1 0
0.5 0.5 0.5
Instrument #21
Box - Id 21
0 
0 0
0.41499999165534973 -0.36399999260902405 0.2789999842643738 
0.4480000138282776 0.03799999877810478 0.5 
1 1 1 1 1 1 1 0
0.5 0.5 0.5
Instrument #22
Box - Id 22
0 
0 0
0.41499999165534973 -0.4039999842643738 0.2789999842643738 
0.4480000138282776 0.03799999877810478 0.5 
1 1 1 1 1 1 1 0
0.5 0.5 0.5
Instrument #23
Box - Id 23
0 
0 0
0.41499999165534973 -0.4439999759197235 0.2789999842643738 
0.4480000138282776 0.03799999877810478 0.5 
1 1 1 1 1 1 1 0
0.5 0.5 0.5
Instrument #24
Box - Id 24
0 
0 0
0.41499999165534973 -0.48399999737739563 0.2789999842643738 
0.4480000138282776 0.03799999877810478 0.5 
1 1 1 1 1 1 1 0
0.5 0.5 0.5
Instrument #25
Box - Id 25
0 
1 0
0.421999990940094 0.42000001668930054 -0.4140000343322754 
0.4180000126361847 0.1599999964237213 0.4000000059604645 
1 1 1 1 1 1 1 0
0.5 0.5 0.5
Instrument #26
Box - Id 26
0 
1 0
0.421999990940094 0.25333333015441895 -0.4140000343322754 
0.4180000126361847 0.1599999964237213 0.4000000059604645 
1 1 1 1 1 1 1 0
0.5 0.5 0.5
Instrument #27
Box - Id 27
0 
1 0
0.421999990940094 0.08666667342185974 -0.4140000343322754 
0.4180000126361847 0.1599999964237213 0.4000000059604645 
1 1 1 1 1 1 1 0
0.5 0.5 0.5
Instrument #28
Box - Id 28
0 
1 0
0.421999990940094 -0.07999999821186066 -0.4140000343322754 
0.4180000126361847 0.1599999964237213 0.4000000059604645 
1 1 1 1 1 1 1 0
0.5 0.5 0.5
Instrument #29
Box - Id 29
0 
1 0
0.421999990940094 -0.24666666984558105 -0.4140000343322754 
0.4180000126361847 0.1599999964237213 0.4000000059604645 
1 1 1 1 1 1 1 0
0.5 0.5 0.5
Instrument #30
Box - Id 30
0 
1 0
0.421999990940094 -0.41333335638046265 -0.4140000343322754 
0.4180000126361847 0.1599999964237213 0.4000000059604645 
1 1 1 1 1 1 1 0
0.5 0.5 0.5
