SET DESCRIPTION FILE
Instrument #0
kbd1
0
0 -1
0.300000 -0.679600 0.000000
0.432680 0.148400 0.146640
1 0 0 0 0 0 0 0
1.000000 0.000000 0.000000
Instrument #1
COPY #1 OF #0
0
0 -1
0.300000 -0.531200 0.000000
0.432680 0.148400 0.146640
1 0 0 0 0 0 0 0
1.000000 0.000000 0.000000
Instrument #2
COPY #2 OF #0
0
0 -1
0.300000 -0.382800 0.000000
0.432680 0.148400 0.146640
1 0 0 0 0 0 0 0
1.000000 0.000000 0.000000
Instrument #3
COPY #3 OF #0
0
0 -1
0.300000 -0.234400 0.000000
0.432680 0.148400 0.146640
1 0 0 0 0 0 0 0
1.000000 0.000000 0.000000
Instrument #4
COPY #4 OF #0
0
0 -1
0.300000 -0.086000 0.000000
0.432680 0.148400 0.146640
1 0 0 0 0 0 0 0
1.000000 0.000000 0.000000
Instrument #5
COPY #5 OF #0
0
0 -1
0.300000 0.062400 0.000000
0.432680 0.148400 0.146640
1 0 0 0 0 0 0 0
1.000000 0.000000 0.000000
Instrument #6
COPY #6 OF #0
0
0 -1
0.300000 0.210800 0.000000
0.432680 0.148400 0.146640
1 0 0 0 0 0 0 0
1.000000 0.000000 0.000000
Instrument #7
COPY #7 OF #0
0
0 -1
0.300000 0.359200 0.000000
0.432680 0.148400 0.146640
1 0 0 0 0 0 0 0
1.000000 0.000000 0.000000
Instrument #8
COPY #8 OF #0
0
0 -1
0.300000 0.507600 0.000000
0.432680 0.148400 0.146640
1 0 0 0 0 0 0 0
1.000000 0.000000 0.000000
Instrument #9
COPY #9 OF #0
0
0 -1
0.300000 0.656000 0.000000
0.432680 0.148400 0.146640
1 0 0 0 0 0 0 0
1.000000 0.000000 0.000000
Instrument #10
kbd1
0
1 -1
0.730000 -0.679600 0.000000
0.432680 0.148400 0.146640
1 0 0 0 0 0 0 0
0.000000 0.000000 1.000000
Instrument #11
COPY #1 OF #0
0
1 -1
0.730000 -0.531200 0.000000
0.432680 0.148000 0.146640
1 0 0 0 0 0 0 0
0.000000 0.000000 1.000000
Instrument #12
COPY #2 OF #0
0
1 -1
0.730000 -0.382800 0.000000
0.432680 0.148400 0.146640
1 0 0 0 0 0 0 0
0.000000 0.000000 1.000000
Instrument #13
COPY #3 OF #0
0
1 -1
0.730000 -0.234400 0.000000
0.432680 0.148400 0.146640
1 0 0 0 0 0 0 0
0.000000 0.000000 1.000000
Instrument #14
COPY #4 OF #0
0
1 -1
0.730000 -0.086000 0.000000
0.432680 0.148400 0.146640
1 0 0 0 0 0 0 0
0.000000 0.000000 1.000000
Instrument #15
COPY #5 OF #0
0
1 -1
0.730000 0.062400 0.000000
0.432680 0.148400 0.146640
1 0 0 0 0 0 0 0
0.000000 0.000000 1.000000
Instrument #16
COPY #6 OF #0
0
1 -1
0.730000 0.210800 0.000000
0.432680 0.148400 0.146640
1 0 0 0 0 0 0 0
0.000000 0.000000 1.000000
Instrument #17
COPY #7 OF #0
0
1 -1
0.730000 0.359200 0.000000
0.432680 0.148400 0.146640
1 0 0 0 0 0 0 0
0.000000 0.000000 1.000000
Instrument #18
COPY #8 OF #0
0
1 -1
0.730000 0.507600 0.000000
0.432680 0.148400 0.146640
1 0 0 0 0 0 0 0
0.000000 0.000000 1.000000
Instrument #19
COPY #9 OF #0
0
1 -1
0.730000 0.656000 0.000000
0.432680 0.148400 0.146640
1 0 0 0 0 0 0 0
0.000000 0.000000 1.000000
