SET DESCRIPTION FILE
Instrument #0
KEYBOARD #0 : DO 0
0
-1 0
0.435000 0.712500 0.062500
0.200000 0.100000 0.100000
1 1 1 1 1 1 1 1
0.930810 0.931835 0.437638
Instrument #1
KEYBOARD #0 : DO# 0
0
-1 0
0.235000 0.662500 0.062500
0.200000 0.100000 0.100000
1 1 1 1 1 1 1 1
0.930810 0.931835 0.437638
Instrument #2
KEYBOARD #0 : RE 0
0
-1 0
0.435000 0.612500 0.062500
0.200000 0.100000 0.100000
1 1 1 1 1 1 1 1
0.930810 0.931835 0.437638
Instrument #3
KEYBOARD #0 : RE# 0
0
-1 0
0.235000 0.562500 0.062500
0.200000 0.100000 0.100000
1 1 1 1 1 1 1 1
0.930810 0.931835 0.437638
Instrument #4
KEYBOARD #0 : MI 0
0
-1 0
0.435000 0.512500 0.062500
0.200000 0.100000 0.100000
1 1 1 1 1 1 1 1
0.930810 0.931835 0.437638
Instrument #5
KEYBOARD #0 : FA 0
0
-1 0
0.435000 0.412500 0.062500
0.200000 0.100000 0.100000
1 1 1 1 1 1 1 1
0.930810 0.931835 0.437638
Instrument #6
KEYBOARD #0 : FA# 0
0
-1 0
0.235000 0.362500 0.062500
0.200000 0.100000 0.100000
1 1 1 1 1 1 1 1
0.930810 0.931835 0.437638
Instrument #7
KEYBOARD #0 : SOL 0
0
-1 0
0.435000 0.312500 0.062500
0.200000 0.100000 0.100000
1 1 1 1 1 1 1 1
0.930810 0.931835 0.437638
Instrument #8
KEYBOARD #0 : SOL# 0
0
-1 0
0.235000 0.262500 0.062500
0.200000 0.100000 0.100000
1 1 1 1 1 1 1 1
0.930810 0.931835 0.437638
Instrument #9
KEYBOARD #0 : LA 0
0
-1 0
0.435000 0.212500 0.062500
0.200000 0.100000 0.100000
1 1 1 1 1 1 1 1
0.930810 0.931835 0.437638
Instrument #10
KEYBOARD #0 : LA# 0
0
-1 0
0.235000 0.162500 0.062500
0.200000 0.100000 0.100000
1 1 1 1 1 1 1 1
0.930810 0.931835 0.437638
Instrument #11
KEYBOARD #0 : SI 0
0
-1 0
0.435000 0.112500 0.062500
0.200000 0.100000 0.100000
1 1 1 1 1 1 1 1
0.930810 0.931835 0.437638
Instrument #12
KEYBOARD #0 : DO 1
0
-1 0
0.435000 -0.087500 0.062500
0.200000 0.100000 0.100000
1 1 1 1 1 1 1 1
0.930810 0.931835 0.437638
Instrument #13
KEYBOARD #0 : DO# 1
0
-1 0
0.235000 -0.137500 0.062500
0.200000 0.100000 0.100000
1 1 1 1 1 1 1 1
0.930810 0.931835 0.437638
Instrument #14
KEYBOARD #0 : RE 1
0
-1 0
0.435000 -0.187500 0.062500
0.200000 0.100000 0.100000
1 1 1 1 1 1 1 1
0.930810 0.931835 0.437638
Instrument #15
KEYBOARD #0 : RE# 1
0
-1 0
0.235000 -0.237500 0.062500
0.200000 0.100000 0.100000
1 1 1 1 1 1 1 1
0.930810 0.931835 0.437638
Instrument #16
KEYBOARD #0 : MI 1
0
-1 0
0.435000 -0.287500 0.062500
0.200000 0.100000 0.100000
1 1 1 1 1 1 1 1
0.930810 0.931835 0.437638
Instrument #17
KEYBOARD #0 : FA 1
0
-1 0
0.435000 -0.387500 0.062500
0.200000 0.100000 0.100000
1 1 1 1 1 1 1 1
0.930810 0.931835 0.437638
Instrument #18
KEYBOARD #0 : FA# 1
0
-1 0
0.235000 -0.437500 0.062500
0.200000 0.100000 0.100000
1 1 1 1 1 1 1 1
0.930810 0.931835 0.437638
Instrument #19
KEYBOARD #0 : SOL 1
0
-1 0
0.435000 -0.487500 0.062500
0.200000 0.100000 0.100000
1 1 1 1 1 1 1 1
0.930810 0.931835 0.437638
Instrument #20
KEYBOARD #0 : SOL# 1
0
-1 0
0.235000 -0.537500 0.062500
0.200000 0.100000 0.100000
1 1 1 1 1 1 1 1
0.930810 0.931835 0.437638
Instrument #21
KEYBOARD #0 : LA 1
0
-1 0
0.435000 -0.587500 0.062500
0.200000 0.100000 0.100000
1 1 1 1 1 1 1 1
0.930810 0.931835 0.437638
Instrument #22
KEYBOARD #0 : LA# 1
0
-1 0
0.235000 -0.637500 0.062500
0.200000 0.100000 0.100000
1 1 1 1 1 1 1 1
0.930810 0.931835 0.437638
Instrument #23
KEYBOARD #0 : SI 1
0
-1 0
0.435000 -0.687500 0.062500
0.200000 0.100000 0.100000
1 1 1 1 1 1 1 1
0.930810 0.931835 0.437638
