SET DESCRIPTION FILE
Instrument #0
Cylinder - Id 0
1
-1 -1
0.689000 -0.387220 0.334760
0.050000 0.729780 0.134400
0 0 0 0 0 0 0 0
0.910972 0.482491 0.215825
Instrument #1
Sphere - Id 1
2
-1 -1
0.418000 -0.621360 -0.196860
0.050000 0.334080 0.050000
0 0 0 0 0 0 0 0
0.950252 0.920128 0.147660
Instrument #2
Box - Id 2
0
-1 -1
-0.021000 -0.498480 0.335500
0.610550 0.472500 0.595100
0 0 0 0 0 0 0 0
0.881062 0.641081 0.431953
Instrument #3
Box - Id 0
0
-1 -1
0.000000 0.480000 0.237500
0.457500 0.342500 0.525000
0 0 0 0 0 0 0 0
0.364784 0.513401 0.952230
Instrument #4
KEYBOARD #0 : FA 0
1
-1 0
0.000000 0.082500 0.850000
0.050000 0.050000 0.050000
0 0 0 0 0 0 0 0
0.717297 0.635712 0.916195
Instrument #5
KEYBOARD #0 : FA# 0
1
-1 0
-0.050000 0.057500 0.850000
0.050000 0.050000 0.050000
0 0 0 0 0 0 0 0
0.717297 0.635712 0.916195
Instrument #6
KEYBOARD #0 : SOL 0
1
-1 0
0.000000 0.032500 0.850000
0.050000 0.050000 0.050000
0 0 0 0 0 0 0 0
0.717297 0.635712 0.916195
Instrument #7
KEYBOARD #0 : SOL# 0
1
-1 0
-0.050000 0.007500 0.850000
0.050000 0.050000 0.050000
0 0 0 0 0 0 0 0
0.717297 0.635712 0.916195
Instrument #8
KEYBOARD #0 : LA 0
1
-1 0
0.000000 -0.017500 0.850000
0.050000 0.050000 0.050000
0 0 0 0 0 0 0 0
0.717297 0.635712 0.916195
Instrument #9
KEYBOARD #0 : LA# 0
1
-1 0
-0.050000 -0.042500 0.850000
0.050000 0.050000 0.050000
0 0 0 0 0 0 0 0
0.717297 0.635712 0.916195
Instrument #10
KEYBOARD #0 : SI 0
1
-1 0
0.000000 -0.067500 0.850000
0.050000 0.050000 0.050000
0 0 0 0 0 0 0 0
0.717297 0.635712 0.916195
Instrument #11
KEYBOARD #0 : DO 1
1
-1 0
0.000000 -0.167500 0.850000
0.050000 0.050000 0.050000
0 0 0 0 0 0 0 0
0.717297 0.635712 0.916195
Instrument #12
KEYBOARD #0 : DO# 1
1
-1 0
-0.050000 -0.192500 0.850000
0.050000 0.050000 0.050000
0 0 0 0 0 0 0 0
0.717297 0.635712 0.916195
Instrument #13
KEYBOARD #0 : RE 1
1
-1 0
0.000000 -0.217500 0.850000
0.050000 0.050000 0.050000
0 0 0 0 0 0 0 0
0.717297 0.635712 0.916195
Instrument #14
KEYBOARD #0 : RE# 1
1
-1 0
-0.050000 -0.242500 0.850000
0.050000 0.050000 0.050000
0 0 0 0 0 0 0 0
0.717297 0.635712 0.916195
Instrument #15
KEYBOARD #0 : MI 1
1
-1 0
0.000000 -0.267500 0.850000
0.050000 0.050000 0.050000
0 0 0 0 0 0 0 0
0.717297 0.635712 0.916195
Instrument #16
KEYBOARD #0 : FA 1
1
-1 0
0.000000 -0.317500 0.850000
0.050000 0.050000 0.050000
0 0 0 0 0 0 0 0
0.717297 0.635712 0.916195
Instrument #17
KEYBOARD #0 : FA# 1
1
-1 0
-0.050000 -0.342500 0.850000
0.050000 0.050000 0.050000
0 0 0 0 0 0 0 0
0.717297 0.635712 0.916195
Instrument #18
KEYBOARD #0 : SOL 1
1
-1 0
0.000000 -0.367500 0.850000
0.050000 0.050000 0.050000
0 0 0 0 0 0 0 0
0.717297 0.635712 0.916195
Instrument #19
KEYBOARD #0 : SOL# 1
1
-1 0
-0.050000 -0.392500 0.850000
0.050000 0.050000 0.050000
0 0 0 0 0 0 0 0
0.717297 0.635712 0.916195
Instrument #20
KEYBOARD #0 : LA 1
1
-1 0
0.000000 -0.417500 0.850000
0.050000 0.050000 0.050000
0 0 0 0 0 0 0 0
0.717297 0.635712 0.916195
Instrument #21
KEYBOARD #0 : LA# 1
1
-1 0
-0.050000 -0.442500 0.850000
0.050000 0.050000 0.050000
0 0 0 0 0 0 0 0
0.717297 0.635712 0.916195
Instrument #22
KEYBOARD #0 : SI 1
1
-1 0
0.000000 -0.467500 0.850000
0.050000 0.050000 0.050000
0 0 0 0 0 0 0 0
0.717297 0.635712 0.916195
Instrument #23
COPY #1 OF #0
1
-1 -1
0.439000 0.542560 -0.577740
0.050000 0.347280 0.154400
0 0 0 0 0 0 0 0
0.732654 0.656564 0.967405
Instrument #24
COPY #1 OF #29
1
-1 -1
0.439000 0.535060 -0.649640
0.050000 0.547280 0.154400
0 0 0 0 0 0 0 0
0.639458 0.759735 0.093480
Instrument #25
COPY #2 OF #29
1
-1 -1
0.439000 0.535060 -0.704040
0.050000 0.747280 0.154400
0 0 0 0 0 0 0 0
0.134902 0.520210 0.078232
Instrument #26
COPY #3 OF #29
1
-1 -1
0.439000 0.530060 -0.775940
0.050000 0.947280 0.154400
0 0 0 0 0 0 0 0
0.069906 0.204655 0.461420
Instrument #27
KEYBOARD #1 : DO 0
2
-1 1
-0.457500 0.270000 -0.130000
0.050000 0.105000 0.050000
0 0 0 0 0 0 0 0
0.619596 0.281059 0.786002
Instrument #28
KEYBOARD #1 : DO# 0
2
-1 1
-0.562500 0.217500 -0.130000
0.050000 0.105000 0.050000
0 0 0 0 0 0 0 0
0.619596 0.281059 0.786002
Instrument #29
KEYBOARD #1 : RE 0
2
-1 1
-0.457500 0.165000 -0.130000
0.050000 0.105000 0.050000
0 0 0 0 0 0 0 0
0.619596 0.281059 0.786002
Instrument #30
KEYBOARD #1 : RE# 0
2
-1 1
-0.562500 0.112500 -0.130000
0.050000 0.105000 0.050000
0 0 0 0 0 0 0 0
0.619596 0.281059 0.786002
Instrument #31
KEYBOARD #1 : MI 0
2
-1 1
-0.457500 0.060000 -0.130000
0.050000 0.105000 0.050000
0 0 0 0 0 0 0 0
0.619596 0.281059 0.786002
Instrument #32
KEYBOARD #1 : FA 0
2
-1 1
-0.457500 -0.045000 -0.130000
0.050000 0.105000 0.050000
0 0 0 0 0 0 0 0
0.619596 0.281059 0.786002
Instrument #33
KEYBOARD #1 : FA# 0
2
-1 1
-0.562500 -0.097500 -0.130000
0.050000 0.105000 0.050000
0 0 0 0 0 0 0 0
0.619596 0.281059 0.786002
Instrument #34
KEYBOARD #1 : SOL 0
2
-1 1
-0.457500 -0.150000 -0.130000
0.050000 0.105000 0.050000
0 0 0 0 0 0 0 0
0.619596 0.281059 0.786002
Instrument #35
KEYBOARD #1 : SOL# 0
2
-1 1
-0.562500 -0.202500 -0.130000
0.050000 0.105000 0.050000
0 0 0 0 0 0 0 0
0.619596 0.281059 0.786002
Instrument #36
KEYBOARD #1 : LA 0
2
-1 1
-0.457500 -0.255000 -0.130000
0.050000 0.105000 0.050000
0 0 0 0 0 0 0 0
0.619596 0.281059 0.786002
Instrument #37
KEYBOARD #1 : LA# 0
2
-1 1
-0.562500 -0.307500 -0.130000
0.050000 0.105000 0.050000
0 0 0 0 0 0 0 0
0.619596 0.281059 0.786002
Instrument #38
KEYBOARD #1 : SI 0
2
-1 1
-0.457500 -0.360000 -0.130000
0.050000 0.105000 0.050000
0 0 0 0 0 0 0 0
0.619596 0.281059 0.786002
Instrument #39
Sphere - Id 45
2
-1 -1
0.000000 -0.590000 -0.322500
0.050000 0.050000 0.050000
0 0 0 0 0 0 0 0
0.755581 0.573319 0.819677
Instrument #40
COPY #1 OF #45
2
-1 -1
0.000000 -0.590000 -0.372500
0.050000 0.050000 0.050000
0 0 0 0 0 0 0 0
0.999994 0.157807 0.051939
Instrument #41
COPY #2 OF #45
2
-1 -1
0.000000 -0.590000 -0.422500
0.050000 0.050000 0.050000
0 0 0 0 0 0 0 0
0.125468 0.889956 0.204329
Instrument #42
COPY #3 OF #45
2
-1 -1
0.000000 -0.590000 -0.472500
0.050000 0.050000 0.050000
0 0 0 0 0 0 0 0
0.870540 0.054058 0.997799
Instrument #43
COPY #1 OF #48
2
-1 -1
0.000000 -0.440000 -0.472500
0.050000 0.150000 0.050000
0 0 0 0 0 0 0 0
0.923069 0.004162 0.072329
Instrument #44
COPY #2 OF #48
2
-1 -1
0.000000 -0.290000 -0.472500
0.050000 0.250000 0.050000
0 0 0 0 0 0 0 0
0.163132 0.180372 0.593892
Instrument #45
COPY #3 OF #48
2
-1 -1
0.000000 -0.140000 -0.472500
0.050000 0.350000 0.050000
0 0 0 0 0 0 0 0
0.819695 0.913027 0.391690
Instrument #46
COPY #4 OF #48
2
-1 -1
0.000000 0.010000 -0.472500
0.050000 0.450000 0.050000
0 0 0 0 0 0 0 0
0.579430 0.552485 0.359095
Instrument #47
COPY #5 OF #48
2
-1 -1
0.000000 0.197500 -0.465000
0.050000 0.550000 0.050000
0 0 0 0 0 0 0 0
0.099640 0.687387 0.452576
Instrument #48
COPY #1 OF #3
0
-1 -1
0.000000 0.922500 0.237500
0.457500 0.342500 0.525000
0 0 0 0 0 0 0 0
0.783099 0.394383 0.840188
Instrument #49
COPY #1 OF #48
0
-1 -1
0.000000 1.365000 0.237500
0.457500 0.342500 0.525000
0 0 0 0 0 0 0 0
0.197551 0.911647 0.798440
Instrument #50
COPY #1 OF #49
0
-1 -1
0.000000 1.807500 0.237500
0.457500 0.342500 0.525000
0 0 0 0 0 0 0 0
0.277775 0.768230 0.335223
